83
3
1,317,336,264,False,
2,134,99,542,False,
3,144,186,48,False,
2
4,154,364,198,False,
5,327,500,22,False,
3
1,292.9887168020806,337.40553878356025,260.6869442958937,False,
2,158.0993771417917,95.66902461436433,543.339085582165,False,
3,84,186.0,48.0,False,
2
4,244,364.0,198.0,False,
5,57,500.0,22.0,False,
3
1,289.24229774947514,339.43601674687267,255.44300520200403,False,
2,156.46829712340417,90.284743610111,545.5916829956626,False,
3,39.508470769824186,187.19652587555805,48.98663695719598,False,
2
4,244.0,360.05465967889836,189.91085358330753,False,
5,57.0,504.9017513151353,29.54803511150881,False,
3
1,284.1068745607487,340.9267953360073,250.16459993417726,False,
2,153.93393309062566,85.08604238093649,548.0394670311025,False,
3,38.51680897735512,191.79167073326997,52.68848579048226,False,
2
4,244.0,356.1093193577967,181.82170716661506,False,
5,57.0,509.8035026302706,37.09607022301762,False,
3
1,282.1564201669056,342.17335222943325,244.49509543370777,False,
2,151.29626616216098,80.0130596225664,550.7160294669558,False,
3,37.46351189494551,196.44083976316983,56.312188995350105,False,
2
4,274.0,356.52785820026145,175.8363228650561,False,
5,57.0,514.7052539454058,44.64410533452643,False,
3
1,281.8087482357312,343.39411032951097,238.65610989669858,False,
2,148.55925991524265,75.08059521075502,553.6238965999653,False,
3,35.35211957187125,201.1187006786718,59.721764453382846,False,
2
4,281.8087482357312,358.2098652500282,167.79114599003904,False,
5,57.0,519.607005260541,52.19214044603524,False,
3
1,281.8087482357313,344.62198337949746,232.78309297410107,False,
2,145.7289676300112,70.30387612243979,556.764078034992,False,
3,32.81643475237466,205.90051671034624,62.907798506248746,False,
2
4,281.8087482357313,360.05167482500804,158.98162060614277,False,
5,57.0,524.5087565756761,59.74017555754405,False,
3
1,281.8087482357313,345.84985642948396,226.91007605150355,False,
2,142.81369550595343,65.69829987268675,560.1358761413744,False,
3,30.106830696876592,210.8096170299274,65.86026728491653,False,
2
4,281.8087482357313,361.89348439998787,150.1720952222465,False,
5,57.0,529.4105078908112,67.28821066905286,False,
3
1,281.8087482357313,347.07772947947046,221.03705912890604,False,
2,140.4813963446005,61.214459531465906,563.7618282880168,False,
3,27.21534727126668,215.84242677515599,68.55811243665335,False,
2
4,281.8087482357313,363.7352939749677,141.36256983835023,False,
5,93.26117632703108,531.2555912975516,72.14063244358859,False,
3
1,281.8087482357314,348.30560252945696,215.16404220630852,False,
2,139.49610940353773,56.704747364929155,567.5682764539625,False,
3,24.136226116415997,220.99317451022728,70.97939069657397,False,
2
4,281.8087482357314,365.57710354994754,132.55304445445395,False,
5,136.13708025838923,529.3803769630309,76.3843041835098,False,
3
1,281.80874823573146,349.53347557944346,209.291025283711,False,
2,139.2125799106257,52.174697034830025,571.4591735509773,False,
3,20.866895361683977,226.25355706406046,73.10168918737192,False,
2
4,281.80874823573146,367.41891312492737,123.7435190705577,False,
5,84.6177724104411,528.9168556299226,80.05859117251948,False,
3
1,281.8087482357315,350.76134862942996,203.4180083611135,False,
2,138.16570176374034,47.771440205956225,575.3790696136576,False,
3,17.409081325874745,231.6124558641147,74.9026920798011,False,
2
4,281.8087482357315,369.2607226999072,114.93399368666144,False,
5,100.46507418012533,528.4128033510475,82.80260094881619,False,
3
1,281.8087482357315,351.98922167941646,197.54499143851598,False,
2,137.15276307192892,43.4215426448466,579.3630005952401,False,
3,13.76995860287654,237.05575171475397,76.36089978505112,False,
2
4,281.8087482357315,371.10253227488704,106.12446830276517,False,
5,50.11258125374162,528.4117856203546,86.6137834518933,False,
3
1,281.8087482357315,353.21709472940296,191.67197451591846,False,
2,136.09588242254102,39.146551602917015,583.4208136941813,False,
3,9.963192692374717,242.5662897727158,77.45648036730734,False,
2
4,281.8087482357315,372.9443418498669,97.3149429188689,False,
5,44.39666204922216,531.2361816988209,89.35985778031035,False,
3
1,281.8087482357315,354.44496777938946,185.79895759332095,False,
2,134.80897423257323,34.98341215249605,587.5608180860413,False,
3,6.009676540747559,248.12404260056013,78.1722057316541,False,
2
4,281.8087482357315,374.7861514248467,88.50541753497262,False,
5,44.05500812029414,534.785195444871,92.36021771773174,False,
3
1,281.8087482357316,355.67284082937596,179.92594067072343,False,
2,131.64642037958384,31.131874637293244,591.7397644844222,False,
3,1.9377364233237069,253.70650358358105,78.49439707505212,False,
2
4,281.8087482357316,376.62796099982654,79.69589215107636,False,
5,68.49153346631867,538.7968778502236,96.61948605343207,False,
3
1,281.8087482357316,356.90071387936246,174.05292374812592,False,
2,129.83435438818069,27.3409722567698,596.153761231745,False,
3,357.7826095029766,259.2893153848764,78.41378243939812,False,
2
4,281.8087482357316,378.4697705748064,70.88636676718009,False,
5,32.745980561543924,541.0565625485017,99.98020065602107,False,
3
1,282.0164890891192,358.1313572541962,168.20172255983547,False,
2,128.03250690924108,23.6770552684777,0.6749072303708772,False,
3,354.43693577568865,264.9347705982595,77.9454046767592,False,
2
4,268.3462839240102,379.72290397632474,66.76503477198092,False,
5,68.64786369126938,544.0107350745269,104.10870233476808,False,
3
1,282.0164890891193,359.3805163475277,162.33319620652094,False,
2,126.53558740229658,20.145983176322993,5.339196827874462,False,
3,354.4369357756886,270.90651119877367,77.36375684501661,False,
2
4,298.3462839240102,379.72290397632474,66.76503477198092,False,
5,89.74146882813844,544.1137549411054,110.95492461002618,False,
3
1,282.0164890891193,360.6296754408592,156.46466985320637,False,
2,125.07692157045201,16.751913383889494,10.108931833040371,False,
3,354.43693577568865,276.87825179928785,76.78210901327402,False,
2
4,328.3462839240102,379.72290397632474,66.76503477198092,False,
5,102.20305436919965,543.3965243164142,115.72164113811816,False,
3
1,282.0164890891194,361.87883453419073,150.59614349989187,False,
2,123.96738022605061,13.417005826317322,14.96257253150096,False,
3,354.4369357756886,282.84999239980203,76.20046118153142,False,
2
4,298.3462839240102,379.72290397632474,66.76503477198092,False,
5,103.47494447440843,543.6738915691714,118.9311668954079,False,
3
1,282.01648908911943,363.12799362752224,144.72761714657733,False,
2,123.2879568715833,10.142482685229,19.9088979756936,False,
3,354.43693577568865,288.8217330003162,75.61881334978884,False,
2
4,328.3462839240102,379.72290397632474,66.76503477198092,False,
5,68.35842174028404,544.6015222210895,124.18006513468207,False,
3
1,282.01648908911943,364.37715272085376,138.85909079326285,False,
2,121.0847109916232,7.108490467138683,24.82800044057274,False,
3,354.4369357756886,294.7934736008304,75.03716551804624,False,
2
4,298.3462839240102,379.72290397632474,66.76503477198092,False,
5,68.76961528120943,546.1152672927309,129.68110793898998,False,
3
1,282.01648908911955,365.62631181418527,132.99056443994837,False,
2,118.30594153232951,4.316039865077693,29.821896158760477,False,
3,354.4369357756886,300.7652142013446,74.45551768630364,False,
2
4,298.3462839240102,381.1473019061345,64.12475248829348,False,
5,66.75875408968798,549.0744611143934,135.46510219826038,False,
3
1,284.4879912841494,366.9463706926553,127.39183590444807,False,
2,117.14197559130866,1.6127079464866205,35.04764038615467,False,
3,351.7907916205366,306.4498185981708,73.69513999989522,False,
2
4,328.3462839240102,386.25471377444836,60.97604735643259,False,
5,83.91146636324342,549.0053297359615,139.10344896710095,False,
3
1,302.0465666062888,368.29691005961223,124.29439693947756,False,
2,116.03196098221096,598.9984926002259,40.324474402505004,False,
3,337.93925371144553,309.5466273609711,72.90521413373747,False,
2
4,298.3462839240102,391.36212564276224,57.827342224571694,False,
5,89.85725898754595,548.7570750958997,144.92537812839524,False,
3
1,311.65931199182154,371.5674347710113,120.61763671918638,False,
2,115.03874008712572,596.4782653459189,45.659800024202,False,
3,328.19246659203657,310.4179693841142,72.36480056761238,False,
2
4,328.3462839240102,396.4695375110761,54.6786370927108,False,
5,115.81497298710028,548.5516850182092,148.22095161372664,False,
3
1,318.67448404257084,375.46665654202116,117.03243857055055,False,
2,115.18769018601193,593.9387833638168,51.066185446683654,False,
3,318.9767532574387,314.3942351279598,69.21216727308051,False,
2
4,328.3462839240102,397.89393544088585,52.03835480902336,False,
5,110.59415625734046,546.0221745783892,153.49680827577035,False,
3
1,319.92059636713657,379.75275208245864,113.3036271361321,False,
2,114.83477539809903,591.4284119722272,56.4726275460621,False,
3,318.831161701557,318.77301359830176,65.430481696513,False,
2
4,298.3462839240102,403.00134730919973,48.88964967716247,False,
5,101.06779968713839,544.764046687315,158.13573531633256,False,
3
1,318.0225982265916,384.11241457305965,109.46356086575877,False,
2,113.5608451810814,589.0226127862528,61.82962789326806,False,
3,318.0607303088625,323.06435854950126,61.67379213276191,False,
2
4,328.3462839240102,405.8501431688192,43.609085109787586,False,
5,81.61537104721006,545.7799714758087,164.67860234049712,False,
3
1,319.2450447038983,388.42476506504244,105.64089208103941,False,
2,112.28454496124122,586.7718922696943,67.25351165072509,False,
3,318.13464820209225,327.44572285925733,57.764417119897,False,
2
4,298.3462839240102,410.9575550371331,40.46037997792669,False,
5,109.03261626046128,544.4838656900681,170.76910716346748,False,
3
1,317.01484376751364,392.69718572855214,101.77179917399506,False,
2,112.78400319219678,584.5069048106154,72.74177429058726,False,
3,319.0686558242281,331.65696241052564,54.066024611471384,False,
2
4,328.3462839240102,414.93565890109977,36.245745128308805,False,
5,142.5830818424698,540.77605784651,174.19404225988592,False,
3
1,319.5899949067856,397.0399172177775,98.01480173115897,False,
2,114.06294125507013,582.1543653579199,78.12193396116278,False,
3,318.47277892774525,336.02301670230077,50.16368547987347,False,
2
4,298.3462839240102,420.04307076941365,33.09703999644791,False,
5,177.54814786094894,538.1247713200441,174.98345704352718,False,
3
1,317.3250646926098,401.31828827902655,94.17830138523587,False,
2,115.39771868919325,579.6678100152188,83.43521984110386,False,
3,319.41071866703066,340.24167275266916,46.508616569308124,False,
2
4,328.3462839240102,424.0211746333803,28.882405146830028,False,
5,129.48657222356542,536.3433143068871,174.68577255397,False,
3
1,319.88470099571356,405.681704470861,90.44295634816521,False,
2,115.39771868919333,577.094415022114,88.8553340658654,False,
3,318.75779353509756,344.6289186066337,42.62879363293947,False,
2
4,298.3462839240102,429.1285865016942,25.733700014969134,False,
5,99.48657222356542,536.3433143068871,174.68577255397,False,
3
1,317.59764864769613,409.9810237076213,86.62592303809238,False,
2,115.39771868919337,574.521020029009,94.27544829062694,False,
3,319.7075898674158,348.8660209250969,38.99495419818145,False,
2
4,328.3462839240102,433.1066903656609,21.51906516535125,False,
5,129.48657222356542,536.3433143068871,174.68577255397,False,
3
1,320.1418315335996,414.36251203146867,82.90939954702986,False,
2,115.39771868919341,571.9476250359041,99.69556251538845,False,
3,319.00637442152305,353.2720595980893,35.13462470630408,False,
2
4,298.3462839240102,438.21410223397476,18.370360033490357,False,
5,99.48657222356542,536.3433143068871,174.68577255397,False,
3
1,317.83596451215806,418.6802620772717,79.10932089639397,False,
2,115.39771868919337,569.3742300427991,105.11567674014998,False,
3,319.9667423976825,357.52538673537777,31.519161175342852,False,
2
4,328.3462839240102,442.19220609794144,14.15572518387247,False,
5,129.48657222356542,536.3433143068871,174.68577255397,False,
3
1,320.3660247033496,423.0774808837693,75.40922522490949,False,
2,115.39771868919341,566.8008350496943,110.5357909649115,False,
3,319.22338610535917,361.9478962401993,27.67586525351709,False,
2
4,298.3462839240102,447.2996179662553,11.007020052011573,False,
5,99.48657222356542,536.3433143068871,174.68577255397,False,
3
1,318.04438576563774,427.41145642127645,71.62390162414533,False,
2,115.99609663664693,564.2348460582133,115.89306462535929,False,
3,320.19292628376485,366.2155142433578,24.076297624150165,False,
2
4,328.3462839240102,451.277721830222,6.792385202393685,False,
5,129.48657222356542,532.5279301125966,179.3164143507361,False,
3
1,320.56150364692445,431.8223801995102,67.9381329932199,False,
2,115.8389085398869,561.6313077061867,121.15529909740705,False,
3,319.41283820599205,370.6524763319973,20.247872509477236,False,
2
4,298.3462839240102,456.38513369853587,3.6436800705327888,False,
5,99.48657222356542,531.5390313735263,185.2343598797069,False,
3
1,318.2267288117837,436.1706578168378,64.16563820322708,False,
2,115.76510869762684,559.1172150536996,126.46030623714186,False,
3,320.39030490331197,374.93270200203983,16.662037226187273,False,
2
4,328.3462839240102,460.36323756250255,599.4290452209149,False,
5,129.48657222356542,527.7236471792357,189.86500167647299,False,
3
1,320.73156347123165,440.5935543923993,60.4923200621253,False,
2,115.6261824086394,556.5338479970176,131.73211007473228,False,
3,319.57866979005115,379.3822108986573,12.846732544826416,False,
2
4,298.3462839240102,465.4706494308164,596.280340089054,False,
5,99.48657222356542,526.7347484401655,195.78294720544378,False,
3
1,318.3862740031374,444.9544389429164,56.730965458384404,False,
2,115.56952395827966,554.0386193063583,137.04571600933957,False,
3,320.5624983648222,383.673575585136,9.272755903097716,False,
2
4,328.3462839240102,469.4487532947831,592.0657052394362,False,
5,129.48657222356542,522.9193642458749,200.41358900220987,False,
3
1,320.876676557609,449.3879580927541,53.0682054843063,False,
2,115.44607355683415,551.4723636659113,142.32551827253585,False,
3,319.7269634094052,388.1329154933081,5.470071836617041,False,
2
4,298.3462839240102,474.556165163097,588.9170001075753,False,
5,99.48657222356542,521.9304655068047,206.33153453118067,False,
3
1,318.5255526369962,453.7598428853777,49.316492859570026,False,
2,115.40398469183528,548.9931566763656,147.6463191022681,False,
3,320.71249419710506,392.4341153429992,1.9064156344557015,False,
2
4,328.3462839240102,478.53426902706366,584.7023652579575,False,
5,129.48657222356542,518.1150813125141,210.96217632794676,False,
3
1,321.0027792621923,458.20261988173803,45.66289009657584,False,
2,115.29363927797209,546.4414078338145,152.93280333226602,False,
3,319.8562958924467,396.90206338197544,598.1147324056502,False,
2
4,298.3462839240102,483.64168089537753,581.5536601260966,False,
5,99.48657222356542,517.1261825734439,216.88012185691755,False,
3
1,318.6472333207931,462.58421566009804,41.91951035489553,False,
2,115.26393243802082,543.9758047763137,158.25962232986285,False,
3,320.84309857281403,401.2119633160183,594.559940257764,False,
2
4,328.3462839240102,487.6197847593442,577.3390252764788,False,
5,129.48657222356542,513.3107983791533,221.51076365368365,False,
3
1,319.80466881698686,466.9616635379885,38.27718540871391,False,
2,115.16467552606969,541.4363477866206,163.5516838553299,False,
3,320.7433913403016,405.6445221168463,590.8473727534748,False,
2
4,298.3462839240102,491.5978886233109,573.1243904268609,False,
5,99.48657222356542,512.3218996400831,227.42870918265444,False,
3
1,318.2846327632545,471.37153906429546,34.43683624402963,False,
2,115.14549102446362,538.982293805996,168.8835334415012,False,
3,319.39689672969075,410.00766410632804,587.0795406090969,False,
2
4,328.3462839240102,495.5759924872776,568.9097555772431,False,
5,129.48657222356542,508.5065154457924,232.05935097942054,False,
3
1,318.97610994910644,475.7253056363467,30.713611301415543,False,
2,115.05560848987523,536.4532467202021,174.18024426812997,False,
3,319.99610611181987,414.41464002849125,583.2779085328403,False,
2
4,298.3462839240102,499.55409635124425,564.6951207276253,False,
5,99.48657222356542,507.51761670672204,237.97729650839133,False,
3
1,319.23898874185363,480.02004747941777,26.93357321903975,False,
2,115.045366173536,534.0089967849532,179.51629471828045,False,
3,318.77365007087127,418.653050742062,579.5987368438093,False,
2
4,328.3462839240102,504.66150821955813,561.5464155957644,False,
5,129.48657222356542,503.70223251243135,242.60793830515743,False,
3
1,319.12107974765144,484.4358742205201,23.196584578971184,False,
2,116.236715700118,531.4267936726606,184.79985607205057,False,
3,320.3534587279924,423.08822996819646,575.7969342952539,False,
2
4,298.3462839240102,508.6396120835248,557.3317807461466,False,
5,99.48657222356542,501.30009104575083,247.88223196802588,False,
3
1,319.45592066687453,488.7411597486944,19.435836002658156,False,
2,114.85780630125645,528.942131119383,190.10925682031908,False,
3,319.0029209969855,427.333975795177,572.1432590155633,False,
2
4,328.3462839240102,513.7470239518386,554.1830756142857,False,
5,129.48657222356542,498.8979495790703,253.15652563089432,False,
3
1,319.33857972751554,493.17189397585065,15.714344037512811,False,
2,116.06690047978816,526.376632926182,195.3989753459762,False,
3,320.551912135162,431.7852431410654,568.3555353031737,False,
2
4,298.3462839240102,517.7251278158053,549.9684407646679,False,
5,99.48657222356542,496.4958081123898,258.43081929376274,False,
3
1,319.6447451837552,497.4917508226496,11.966659491887215,False,
2,114.6987379686042,523.9064262816412,200.71630365735945,False,
3,319.2040170485835,436.04343447248743,564.7177783734865,False,
2
4,328.3462839240102,522.8325396841192,546.819735632807,False,
5,129.48657222356542,494.0936666457093,263.7051129566312,False,
3
1,319.5279428622637,501.9355895311909,8.25851088650613,False,
2,115.92330760749809,521.3550912432929,206.01114818072497,False,
3,320.725337781374,440.5082700621747,560.942903242894,False,
2
4,298.3462839240102,526.8106435480859,542.6051007831892,False,
5,99.48657222356542,491.69152517902876,268.9794066194996,False,
3
1,319.8091369621156,506.26819161741093,4.522207327322105,False,
2,114.56385136002335,518.8971737510622,211.33512842978652,False,
3,319.3800363527857,444.7773663643296,557.319023434142,False,
2
4,328.3462839240102,531.9180554163997,539.4563956513283,False,
5,129.48657222356542,489.28938371234824,274.2537002823681,False,
3
1,319.6920654404148,510.7236097982704,0.8254163191943606,False,
2,115.8019698582339,516.3578412090563,216.6342355700149,False,
3,320.8773639925606,449.2533871050346,553.5561030601775,False,
2
4,298.3462839240102,535.8961592803664,535.2417608017105,False,
5,99.48657222356542,486.8872422456677,279.5279939452365,False,
3
1,319.9520234250902,515.0673224086173,597.0990272292588,False,
2,114.44948014450908,513.9103690724002,221.96379327820534,False,
3,319.53396723541346,453.5320013584274,549.9443369303814,False,
2
4,328.3462839240102,541.0035711486803,532.0930556698496,False,
5,129.48657222356542,484.4851007789872,284.80228760810496,False,
3
1,319.8355177047977,519.5328579779157,593.4121058249239,False,
2,115.69951209820785,511.3812035954027,227.266439101573,False,
3,321.00911963508037,458.0178152980355,546.1917956622452,False,
2
4,298.3462839240102,544.981675012647,527.8784208202318,False,
5,99.48657222356542,482.0829593123067,290.0765812709734,False,
3
1,320.07620134417334,523.8863540633696,589.694277148717,False,
2,114.35250690809,508.94260924347293,232.60066858915766,False,
3,319.6686359850605,462.30485241628026,542.5905025746192,False,
2
4,328.3462839240102,550.0890868809608,524.7297156883709,False,
5,129.48657222356542,479.68081784562617,295.35087493384185,False,
3
1,319.6735356234835,528.3598163147736,585.9455290722188,False,
2,115.61306439145575,506.42205265416425,237.90624535244592,False,
3,319.22053627492494,466.6987007951506,538.8836729989015,False,
2
4,298.3462839240102,552.9378827405803,519.4491511209961,False,
5,99.48657222356542,477.27867637894565,300.6251685967103,False,
3
1,319.3614473747494,532.6797242073465,582.1606889727478,False,
2,114.27028216592394,503.9910044349683,243.24438279593093,False,
3,318.746484614361,471.11500430777505,535.0413051377884,False,
2
4,328.3462839240102,558.0452946088942,516.3004459891353,False,
5,129.48657222356542,474.87653491226513,305.89946225957874,False,
3
1,318.9218823550941,537.1055437491069,578.3488051165791,False,
2,115.54018754794612,501.4777346993245,248.552379787727,False,
3,318.46261226966544,475.4471255398235,531.2856637067546,False,
2
4,328.3462839240102,559.469692538704,513.6601637054479,False,
5,99.48657222356542,472.4743934455846,311.1737559224472,False,
3
1,319.8328804285067,541.3692475877903,574.6299718680866,False,
2,113.58519294485669,499.09736293300773,253.84608489960405,False,
3,318.74124786095706,479.7998848611116,527.5120388991943,False,
2
4,328.3462839240102,567.1308103411748,508.93710600765655,False,
5,129.48657222356542,471.48549470651426,317.091701451418,False,
3
1,319.1382535280796,545.8113188564181,570.8336353576126,False,
2,114.89602207360416,496.687971685986,259.1973462075738,False,
3,318.72741180023746,484.11470092684294,523.8084304582361,False,
2
4,328.3462839240102,568.5552082709845,506.2968237239691,False,
5,99.48657222356542,467.6701105122236,321.7223432481841,False,
3
1,320.0487496648248,550.090062839674,567.1304921833769,False,
2,113.62355088206874,494.2750305576652,264.5512315869317,False,
3,318.9672475882829,488.4825466365203,520.0537687666514,False,
2
4,328.3462839240102,576.2163260734553,501.5737660261778,False,
5,129.48657222356542,466.6812117731532,327.64028877715486,False,
3
1,319.3421294562786,554.5483679224094,563.3490538546853,False,
2,114.93402700134675,491.86205759972603,269.900917672782,False,
3,318.9394813385404,492.81314142644544,516.3638647975824,False,
2
4,328.3462839240102,577.6407240032651,498.93348374249035,False,
5,99.48657222356542,462.86582757886254,332.27093057392096,False,
3
1,320.23694371771177,558.8404836207333,559.659773796029,False,
2,113.65581489219673,489.44606884171566,275.252796209892,False,
3,319.16504630040527,497.1925769763929,512.6267261034254,False,
2
4,328.3462839240102,585.3018418057359,494.21042604469903,False,
5,129.48657222356542,461.8769288397922,338.18887610289175,False,
3
1,319.51950289056856,563.3130708924773,555.890946991,False,
2,114.96641847866634,487.0300817752585,280.60110771932926,False,
3,319.1248146328346,501.5367926399461,508.9492747668203,False,
2
4,328.3462839240102,586.7262397355456,491.5701437610116,False,
5,99.48657222356542,458.0615446455015,342.81951789965785,False,
3
1,320.4005207787428,567.6168869378264,552.2136911302828,False,
2,113.68290799145034,484.6115323967071,285.95124591094435,False,
3,319.3378974949454,505.9263103056694,505.22745339447096,False,
2
4,328.3462839240102,594.3873575380164,486.8470860632203,False,
5,129.48657222356542,457.07264590643115,348.73746342862864,False,
3
1,319.6739883160949,572.1019921941561,548.4557993821354,False,
2,114.99404800079326,482.19301266883895,291.29835351719504,False,
3,319.28656449068893,510.28251739762345,501.56077081463826,False,
2
4,328.3462839240102,595.8117554678262,484.20680377953283,False,
5,99.48657222356542,453.25726171214046,353.36810522539474,False,
3
1,320.54268005076375,576.4160543602976,544.788967375681,False,
2,113.70561505019562,479.7723154667495,296.6469778810547,False,
3,319.48894704238313,514.6808573450772,497.8522936194669,False,
2
4,328.3462839240102,3.472873270296959,479.4837460817415,False,
5,129.48657222356542,452.2683629730701,359.28605075436553,False,
3
1,319.8085498330935,580.9109062326131,541.0416029879854,False,
2,115.01763942141815,477.3516713124275,301.9930266328105,False,
3,319.42775700884107,519.0476462924695,494.19488570118136,False,
2
4,328.3462839240102,4.8972712001066885,476.8434637980541,False,
5,99.48657222356542,448.4529787787794,363.91669255113163,False,
3
1,320.6666980264178,585.2347813670192,537.3833639394566,False,
2,113.72460320947852,474.92917608366463,307.340329577161,False,
3,319.62100731906366,523.4544091488683,490.497195348101,False,
2
4,298.3462839240102,10.004683068420508,473.6947586661932,False,
5,129.48657222356542,447.4640800397091,369.8346380801024,False,
3
1,318.7294268908162,589.6415445023555,533.6030022157856,False,
2,115.03780785277674,472.5067535428751,312.68544264553753,False,
3,318.82625077387223,527.8036929858134,486.7892508654872,False,
2
4,328.3462839240102,12.85347892803997,468.4141940988183,False,
5,99.48657222356542,443.6486958454184,374.4652798768685,False,
3
1,319.9159423176705,594.0134132611589,529.8234231925481,False,
2,113.74043932115907,470.08275661293857,318.0315875038213,False,
3,318.81191143181445,532.241646675574,482.9244510130492,False,
2
4,298.3462839240102,17.960890796353787,465.26548896695743,False,
5,129.48657222356542,442.65979710634804,380.3832254058393,False,
3
1,317.6526180875788,598.3375323634232,525.9980202035126,False,
2,115.05507580291692,467.6588489062621,323.37586940388417,False,
3,319.76782039993475,536.5010210608593,479.2708889570271,False,
2
4,328.3462839240102,21.938994660320425,461.05085411733955,False,
5,129.48657222356542,436.936720814912,387.32918810098846,False,
3
1,320.20058253284094,2.7214674036263804,522.2849817266579,False,
2,114.97390704190244,465.1374539125212,328.6779053005123,False,
3,319.029557089522,540.9145112610457,475.41043406658133,False,
2
4,298.3462839240102,27.046406528634243,457.9021489854787,False,
5,99.48657222356542,435.94782207584166,393.24713362995925,False,
3
1,317.87150344249096,7.047076390351529,518.48466159443,False,
2,114.96996304572475,462.6993053997737,334.0184395894696,False,
3,320.03745160413143,545.173952818201,471.79567756360353,False,
2
4,328.3462839240102,31.02451039260088,453.6875141358608,False,
5,129.48657222356542,432.13243788155097,397.87777542672535,False,
3
1,320.41721917538234,11.445377329181955,514.7882984647421,False,
2,114.89542531890726,460.18541874133325,339.323714330179,False,
3,319.24345673592046,549.6017274961398,467.9536652498212,False,
2
4,298.3462839240102,36.1319222609147,450.5388090039999,False,
5,99.48657222356542,431.1435391424806,403.79572095569614,False,
3
1,318.07479971840377,15.786859381573393,511.0023419977352,False,
2,114.8978984483489,457.7543928888286,344.667192891702,False,
3,320.2580054548395,553.875219992286,464.3543324027226,False,
2
4,328.3462839240102,40.11002612488134,446.32417415438204,False,
5,129.48657222356542,427.32815494818993,408.42636275246224,False,
